5.34845e-08;7.49348e-10;8.08347e-07;2.08229e-05;5.22236e-10;2.33026e-08;5.24127e-12;0.999965;4.80859e-07;1.25033e-05;7;
0.00133427;3.20296e-05;0.850428;0.00166909;1.54646e-07;0.000241294;0.144828;1.12281e-11;0.00145633;1.06292e-05;2;
3.64305e-06;0.996276;0.00204591;0.000421053;2.19402e-05;1.64413e-05;0.000283816;0.000372296;0.000515012;4.42546e-05;1;
0.99982;2.55039e-10;1.11201e-05;1.6532e-05;5.37573e-10;8.99975e-05;9.38092e-06;4.46447e-05;2.41844e-06;6.39594e-06;0;
2.09246e-08;7.46422e-08;3.56082e-05;5.4962e-07;0.998896;3.07092e-08;0.000234615;9.74801e-07;1.07161e-06;0.000831496;4;
2.01199e-07;0.999328;0.000137334;9.39855e-05;3.63977e-06;6.49178e-07;1.9175e-06;0.000266145;0.000161111;7.03019e-06;1;
2.68898e-08;1.04687e-07;1.9508e-08;1.14307e-05;0.998871;8.73272e-05;3.14136e-06;1.7199e-07;0.000124243;0.000902723;4;
6.51358e-08;0.000934083;2.19537e-06;0.00209113;0.000305778;0.000155068;1.13192e-05;0.0205092;0.00120465;0.974787;9;
0.00375323;0.000136907;0.22098;1.91641e-07;0.0393123;0.000403512;0.73518;6.68534e-10;0.000230777;2.41719e-06;5;
3.01516e-06;5.75927e-08;5.52331e-08;1.67142e-06;0.00523116;3.46914e-06;4.12082e-06;0.0526206;0.000263367;0.941872;9;
0.998381;7.81939e-09;0.000602486;2.35965e-05;2.80409e-07;0.000561793;0.000117365;2.57518e-09;0.000313079;9.91459e-08;0;
1.68971e-06;5.16848e-05;0.0054769;1.45874e-05;0.000177803;6.70122e-07;0.994187;7.80209e-08;8.85502e-05;1.65702e-06;6;
9.67673e-07;1.33341e-08;6.38698e-06;4.59464e-05;0.00188095;3.40241e-05;9.32756e-07;0.00088486;0.000168316;0.996978;9;
0.998461;4.64956e-10;1.44525e-05;2.93053e-06;4.49464e-08;0.000264005;3.51728e-07;6.73162e-06;0.00101348;0.000237251;0;
3.74461e-08;0.99968;8.39379e-06;6.95177e-05;6.08429e-07;4.82304e-05;1.19748e-05;3.59579e-05;0.000139487;6.01958e-06;1;
0.0117694;6.76587e-05;0.000729761;0.376773;0.007571;0.564754;0.000943589;5.37401e-05;0.0141323;0.023205;5;
4.65688e-07;6.72696e-10;1.0291e-05;1.88032e-05;0.000253163;3.54101e-07;7.59801e-07;0.00639354;1.34598e-05;0.993309;9;
3.52005e-08;2.72881e-10;4.60908e-07;0.000124572;7.07625e-11;1.81304e-09;5.47501e-12;0.999875;7.45053e-08;2.96467e-07;7;
1.11759e-05;2.55014e-05;0.012825;0.965304;0.00179873;0.000244418;0.0193205;5.97791e-08;0.000393207;7.68415e-05;3;
8.89712e-07;9.93099e-07;3.30275e-05;0.00195598;0.997552;3.2281e-06;6.72083e-05;1.93658e-05;3.22358e-05;0.000335308;4;
1.8126e-06;1.05812e-07;7.26072e-10;0.000293792;2.57162e-06;6.60994e-06;1.86454e-10;0.109905;9.18233e-05;0.889698;9;
1.66686e-05;4.86902e-08;6.59565e-05;5.24736e-07;6.63598e-05;0.00174405;0.998013;1.60719e-11;9.10768e-05;2.08192e-06;6;
5.92716e-08;0.0100599;0.0175643;2.2832e-05;0.0339609;1.76912e-08;0.93623;0.00185113;0.000273454;3.78302e-05;6;
0.000700262;6.84206e-08;2.23413e-07;0.000129253;2.45758e-05;0.998983;2.19409e-06;8.77044e-10;0.000159103;1.11449e-06;5;
4.43574e-07;3.45307e-06;0.00054402;3.42809e-05;0.997935;1.07232e-06;0.000208112;6.05125e-05;3.26227e-06;0.0012099;4;
0.999983;1.82962e-11;1.43734e-06;2.69585e-09;3.18634e-09;6.70056e-06;7.44698e-06;2.04279e-10;9.83475e-07;5.13388e-09;0;
1.11738e-06;5.22201e-07;1.24568e-06;5.62261e-05;2.40597e-06;5.10015e-07;2.84387e-08;0.993131;5.13037e-06;0.00680207;7;
4.24347e-08;5.2326e-08;8.88528e-06;4.98731e-06;0.998145;5.28952e-06;2.42802e-05;1.11991e-06;2.8439e-06;0.00180807;4;
0.999954;1.67616e-11;6.78855e-06;1.03697e-05;8.19107e-11;8.80645e-06;5.21293e-08;5.38054e-07;4.82614e-06;1.46261e-05;0;
2.42626e-07;0.987442;0.000110301;0.00052476;0.000160527;0.00292882;0.00174873;5.57564e-06;0.00707666;2.41342e-06;1;
3.69645e-07;4.87662e-08;5.36907e-09;0.996861;1.04054e-09;0.00307087;2.76896e-10;1.49277e-05;5.54664e-06;4.67625e-05;3;
5.03864e-06;0.928622;0.00208734;0.029115;0.00130594;0.0112593;0.000867258;0.00399486;0.020802;0.00194135;1;
5.38693e-06;1.75476e-06;5.12176e-06;0.936935;0.000100325;0.0616617;7.82577e-07;2.97935e-08;0.00126665;2.29463e-05;3;
0.300883;6.79895e-08;0.0280198;9.48326e-07;0.1891;0.115649;0.365201;1.7752e-07;0.00114414;2.46306e-06;4;
3.06673e-06;1.51143e-07;0.0022132;0.00674429;1.24551e-08;3.42816e-06;3.01721e-11;0.990904;1.78875e-05;0.000113794;7;
6.68897e-06;2.66234e-07;0.999931;1.22425e-06;6.38131e-09;1.60662e-05;1.78943e-05;4.31636e-11;2.68267e-05;1.62738e-09;2;
7.22812e-07;2.35594e-08;0.000103427;0.00157948;1.16291e-09;7.26901e-06;3.77566e-10;0.99816;1.13942e-05;0.000138108;7;
1.47438e-08;0.998076;8.05971e-06;4.08392e-05;6.25902e-06;0.000323791;2.99171e-05;9.61172e-05;0.00141704;1.5152e-06;1;
0.0698399;0.000331715;0.831565;0.037879;1.85833e-08;0.0468697;0.00171864;7.17021e-07;0.0117896;5.69972e-06;2;
2.99301e-07;0.999356;4.15688e-05;1.85107e-05;1.39565e-06;9.25221e-06;8.66441e-05;2.42132e-07;0.000485105;1.11206e-06;1;
5.90953e-05;0.956597;0.00348011;0.00179057;0.000422566;0.00344075;0.00769333;0.00401556;0.0221516;0.000349884;1;
2.26606e-07;4.08281e-08;6.21051e-06;7.51383e-05;3.78437e-08;6.91915e-07;3.0906e-10;0.998396;5.90172e-07;0.00152069;7;
2.00072e-08;0.00185943;0.000234264;0.00280791;0.959213;1.40245e-06;2.21317e-05;0.0026641;0.00497242;0.0282255;4;
7.56871e-05;0.000158895;0.998273;0.000536757;0.000228753;7.83782e-06;0.000353397;6.10747e-09;0.000362253;2.85895e-06;2;
6.50153e-05;0.000803724;0.0012119;0.59723;2.08545e-05;0.384045;0.0130561;1.63808e-07;0.00316683;0.000400171;3;
0.000194927;6.16398e-08;1.41465e-08;0.00034167;9.27001e-07;0.999032;2.82581e-07;1.29683e-09;0.000429031;9.05134e-07;5;
1.6427e-08;0.899366;0.0031872;0.0642966;0.0112314;0.0137206;0.00172714;7.02812e-07;0.00455071;0.0019195;1;
0.000102308;0.000220931;0.998211;0.000199558;0.000288157;0.000168044;0.000780839;3.26181e-07;2.67633e-05;2.5336e-06;2;
4.12355e-09;8.39933e-08;3.90733e-08;3.44139e-06;0.997986;6.54893e-06;6.78618e-07;3.34563e-07;7.96442e-05;0.00192358;4;
1.53441e-07;4.32527e-07;0.00109647;5.53842e-06;0.997117;8.8849e-09;0.000212503;3.37586e-05;2.72454e-06;0.00153128;4;
0.0015838;1.83277e-07;0.000106654;7.89898e-06;1.2642e-06;0.000850989;0.997405;2.71658e-11;4.01575e-05;4.46033e-06;6;
1.25305e-05;1.04796e-08;0.000182678;0.998974;6.43899e-08;0.000826265;1.33245e-07;9.24482e-07;1.26957e-06;2.506e-06;3;
0.0191848;6.64648e-05;3.55665e-07;0.00113783;0.0391716;0.939554;0.000228011;2.79818e-06;0.000615058;3.93088e-05;5;
0.011294;8.30059e-06;8.00728e-05;0.0299616;0.0279164;0.90199;0.000575756;6.79818e-05;0.0277161;0.000390082;5;
1.66053e-06;1.82307e-05;0.955975;2.7149e-05;4.09225e-05;1.55996e-07;0.0433809;6.02671e-09;0.000542071;1.34635e-05;6;
0.98951;5.1255e-10;1.25125e-06;1.49565e-05;1.49754e-08;0.00219719;1.36292e-06;9.06593e-07;0.0081028;0.000171955;0;
1.91522e-09;3.66536e-09;3.68138e-06;2.26795e-07;0.999946;3.00561e-08;4.92582e-05;2.31454e-09;3.53411e-08;1.23095e-06;4;
8.62582e-06;0.990668;0.00151686;0.0019218;2.26322e-05;2.10714e-05;2.61928e-05;0.00382978;0.00153921;0.00044588;1;
4.97899e-07;5.28498e-08;4.06031e-06;6.49153e-06;0.00374984;3.52141e-07;1.29215e-05;0.00120875;7.22488e-06;0.99501;9;
0.0604289;0.00126114;9.27848e-06;0.000438713;0.000367592;0.90843;4.6554e-05;0.0231692;0.005701;0.000147621;5;
4.64194e-10;7.97672e-09;1.26121e-08;5.07814e-05;1.12634e-09;4.54842e-08;1.25906e-11;0.999948;1.36686e-08;1.25332e-06;7;
0.00215976;5.85823e-07;0.0475368;0.000129156;1.66277e-05;0.0538644;9.79933e-05;1.86006e-08;0.895863;0.000332178;8;
7.55446e-05;4.80597e-07;0.000533036;0.000127;0.0464816;0.00117356;0.00134303;8.54088e-05;0.00275974;0.947421;9;
0.000277594;3.34659e-05;0.555966;0.440487;2.75609e-05;0.000166079;1.80548e-05;1.51192e-07;0.00166127;0.00136365;3;
8.79149e-06;8.5662e-09;0.0400703;0.00517355;3.8435e-06;6.41739e-06;6.88671e-09;0.954521;2.93302e-05;0.000186412;7;
7.06249e-05;8.06833e-05;2.66531e-05;0.1214;0.794641;0.00747179;0.000207784;6.411e-06;0.0139351;0.0621599;4;
5.14266e-06;0.00419158;0.948017;0.0018124;0.000520269;2.42669e-05;0.0392936;0.006066;5.69686e-05;1.24823e-05;6;
3.61519e-08;4.06982e-08;7.24706e-06;7.40805e-08;0.999985;3.6794e-09;2.4729e-06;2.04042e-07;2.32463e-07;5.02261e-06;4;
3.85197e-07;4.78756e-08;2.83175e-07;0.999948;1.29889e-08;1.38983e-05;6.13147e-11;3.92972e-08;3.59374e-05;1.67621e-06;3;
0.966161;4.59085e-08;0.00323381;1.40495e-05;4.11303e-11;0.0305602;6.81769e-06;4.14256e-08;2.38812e-05;3.25517e-07;0;
2.82206e-09;3.5557e-11;3.91663e-09;1.55112e-06;1.89899e-11;4.36951e-11;7.49194e-13;0.999998;6.36931e-09;5.6779e-08;7;
0.999922;2.76375e-11;2.20515e-05;1.31416e-07;2.46642e-10;4.14248e-05;2.92498e-06;1.71633e-10;1.08904e-05;6.28058e-08;0;
6.98739e-05;4.8731e-07;0.999053;0.000847182;2.14202e-08;6.29142e-07;2.12221e-05;7.81766e-11;7.73353e-06;3.87452e-09;2;
5.38388e-07;0.000109691;1.4507e-06;0.000549609;1.2032e-08;1.14278e-05;1.60562e-09;0.682538;0.00176262;0.315026;9;
1.50386e-07;0.991916;1.16534e-05;1.58095e-05;6.52797e-06;0.00125542;0.000101486;1.75018e-05;0.00667033;5.08228e-06;1;
3.47093e-10;2.27459e-05;5.28518e-07;3.18041e-07;1.90335e-06;1.07758e-08;1.86363e-09;0.999954;1.59316e-05;4.16673e-06;7;
9.97191e-05;0.00012636;8.2047e-06;0.993146;9.93159e-05;0.00398813;5.11373e-06;1.14077e-07;0.00246594;6.09003e-05;3;
7.06991e-05;0.000240159;0.379991;0.0066981;1.43963e-05;7.39542e-05;4.90376e-05;0.498259;0.00113686;0.113467;2;
5.91482e-06;0.000264096;1.03058e-07;0.00188161;3.39032e-05;0.000300349;6.26311e-07;0.000919685;0.0237539;0.97284;9;
2.15585e-10;5.32131e-11;3.18037e-11;1.06203e-08;1.22557e-11;3.48948e-10;6.68121e-14;0.999995;7.60535e-09;5.29619e-06;7;
2.92536e-05;3.11787e-06;1.26433e-06;0.0033353;0.00136088;0.00517204;3.91167e-06;0.129049;1.68263e-05;0.861028;7;
5.77973e-05;1.64967e-08;0.000225037;9.15749e-08;0.000143777;0.0013283;0.998197;1.71869e-09;3.10034e-06;4.47964e-05;6;
5.83701e-09;1.88058e-08;0.999999;2.67061e-07;1.57677e-10;2.74122e-10;4.92547e-07;1.23108e-12;3.03885e-07;2.58391e-10;2;
3.78262e-07;3.25406e-07;2.08248e-06;0.000280295;1.21493e-06;2.90282e-06;8.10807e-09;0.986755;6.86045e-06;0.012951;7;
4.74395e-05;0.0022428;0.00143662;2.79287e-05;0.0268352;0.0190933;3.22654e-05;1.3759e-07;0.9502;8.43053e-05;8;
8.58831e-10;4.15143e-08;2.54206e-08;3.537e-06;0.999964;5.52186e-08;8.15683e-07;9.62635e-09;7.73005e-06;2.42082e-05;4;
1.7487e-10;1.76895e-08;1.91986e-08;7.34197e-07;7.76228e-12;1.1211e-09;1.89572e-13;0.999996;1.0665e-07;2.90415e-06;7;
9.00097e-06;7.28982e-06;2.80271e-05;0.95845;0.000228234;0.0408167;0.000276579;2.61766e-07;0.000154841;2.91552e-05;3;
1.0159e-08;7.71378e-10;6.20249e-05;1.02885e-08;0.000724446;1.5815e-08;0.999213;5.61211e-11;5.01796e-08;9.10197e-08;6;
3.39707e-08;0.999711;0.000213308;6.05529e-06;2.67621e-06;3.94237e-07;1.801e-05;3.23764e-07;4.83018e-05;5.84516e-08;1;
2.17686e-05;4.35431e-07;2.3094e-07;0.999231;1.0765e-08;0.000683013;8.32328e-12;9.78117e-06;2.26487e-05;3.08247e-05;3;
1.54095e-08;2.5313e-07;2.20753e-05;1.03888e-08;3.98737e-05;7.89361e-07;0.999936;1.8725e-11;5.36481e-07;5.48296e-08;6;
0.000986814;0.0028836;0.0122775;0.0207115;0.301756;0.00851639;0.00505308;0.000259356;0.119925;0.527631;9;
1.82703e-06;7.50119e-08;3.20329e-08;0.996772;4.46073e-10;0.00313421;5.65248e-11;7.81431e-06;5.23596e-06;7.87906e-05;3;
7.84504e-10;0.995284;0.000701057;7.51754e-05;0.000908711;0.000599692;0.00145733;1.02119e-07;0.00096532;8.67905e-06;1;
3.3942e-09;7.4693e-07;2.90143e-06;7.97812e-08;0.999978;9.62323e-09;1.63902e-05;3.36403e-07;1.61864e-07;9.50626e-07;4;
3.99271e-06;0.590927;0.00483656;0.220488;0.0092018;0.0682645;0.000918956;0.0012521;0.0819135;0.0221937;1;
1.8779e-05;0.00361649;0.00163449;0.0751219;3.51247e-05;0.0152462;6.90843e-05;0.887831;0.00716339;0.00926397;7;
0.000127338;1.49074e-07;6.58312e-05;1.45282e-09;1.70811e-05;0.000139378;0.999642;1.56686e-11;7.80688e-06;1.27494e-08;6;
1.59664e-08;4.77788e-08;1.34047e-05;1.19275e-05;0.000141546;1.13621e-08;1.70718e-07;0.00222652;1.29329e-06;0.997605;9;
2.68367e-07;1.99817e-05;0.00772445;7.3645e-06;0.000377701;2.74382e-08;0.991583;4.57997e-07;0.000280008;6.7817e-06;6;
0.996846;7.72138e-10;5.18402e-06;2.51608e-06;3.65264e-08;0.00242135;1.69254e-07;1.27845e-07;0.000723441;1.62418e-06;0;
6.91685e-06;1.89885e-08;6.86385e-10;0.000141964;5.17465e-07;0.999538;2.45725e-09;6.10521e-08;0.000289166;2.324e-05;5;
1.0604e-07;1.87778e-07;2.00743e-05;9.05781e-07;0.999953;7.91868e-08;1.49652e-05;1.15345e-07;1.15756e-07;1.0267e-05;4;
0.00241904;7.86881e-06;0.0215913;0.00272104;0.0089896;0.0914626;0.00194792;4.39792e-05;0.000849207;0.869967;9;
2.33093e-07;4.65914e-07;0.000931157;4.2182e-06;0.00196967;2.27901e-06;3.36342e-05;3.04161e-05;3.18277e-05;0.996996;9;
2.11582e-05;1.32598e-08;0.999317;0.000635839;7.62073e-08;5.16075e-07;1.97995e-06;3.45266e-10;2.31253e-05;3.68041e-09;2;
0.00455008;0.962767;0.00853589;0.00149071;5.01249e-06;0.000318925;0.00234275;7.59628e-06;0.0199693;1.27455e-05;1;
2.98801e-08;9.08998e-08;2.52409e-09;0.000260673;0.00659562;5.49772e-05;3.24511e-07;3.18387e-05;2.73293e-05;0.993029;9;
6.58057e-06;4.3647e-07;0.00177184;6.93003e-06;0.951967;2.56321e-05;0.000114159;0.0415311;7.79322e-05;0.00449869;4;
2.91091e-05;0.00067097;3.06861e-05;0.138257;2.58739e-06;0.00121129;4.16725e-08;9.2873e-08;0.859698;9.95794e-05;8;
3.60252e-08;0.000456731;2.26692e-05;0.00037289;2.80203e-08;2.57424e-07;2.7156e-09;0.998809;1.79302e-05;0.000319995;7;
8.65948e-05;3.07511e-06;1.35846e-06;0.971595;0.0001167;0.0278933;1.37779e-06;1.62736e-07;0.000277199;2.53273e-05;3;
1.4427e-09;6.37583e-07;2.3084e-05;3.82245e-06;0.000425516;2.60752e-08;7.40592e-07;0.000173925;1.43078e-05;0.999358;9;
1.77398e-07;0.000342772;0.168676;0.000542611;0.000187652;3.1834e-06;4.12817e-05;0.818378;0.000848452;0.0109799;7;
8.88407e-06;3.16311e-05;0.000274369;3.46808e-06;0.808767;0.000470378;0.00596811;0.00137477;0.000543139;0.182558;4;
2.53238e-07;2.48119e-05;0.000197067;0.0436203;0.799645;0.000120359;8.43921e-05;0.00031125;0.0174397;0.138557;4;
9.97775e-11;5.98037e-10;1.62734e-07;1.17488e-09;0.99999;2.09114e-10;9.70764e-06;8.76886e-11;7.05104e-09;1.8921e-07;4;
7.62796e-05;8.20561e-07;0.000250652;6.89897e-05;0.00964339;0.000141978;2.69889e-05;0.02242;0.00131481;0.966056;9;
0.000379487;0.000180155;0.689868;8.42708e-05;8.25212e-05;0.00484479;0.00227038;0.00108607;0.049425;0.25178;2;
2.23164e-05;1.12954e-07;1.70828e-06;0.0158912;1.07473e-05;0.983033;3.41363e-07;5.82434e-10;0.00102942;1.08783e-05;5;
0.000914872;1.78406e-06;0.00281167;1.69523e-07;0.754765;0.00063983;0.156848;0.0300373;0.00543462;0.0485463;4;
3.96582e-07;5.99962e-06;0.00021667;0.0792201;4.09745e-06;3.84842e-05;2.11256e-08;0.911676;3.76967e-05;0.00880107;7;
3.80061e-07;1.22421e-06;0.000103166;3.40399e-07;0.000453348;1.40453e-05;0.999316;8.89981e-07;1.04333e-05;0.000100315;6;
5.47088e-08;1.07279e-07;2.63189e-10;3.14597e-05;0.925993;2.00731e-07;1.38679e-06;0.0276032;0.000247407;0.0461234;7;
4.15117e-07;3.08242e-05;0.00117613;0.000420477;0.215867;2.69676e-06;0.000339758;9.10908e-05;0.00016014;0.781911;9;
0.52644;1.22814e-07;0.239026;0.23123;1.17717e-07;2.03062e-05;7.64705e-06;0.00141018;0.000559308;0.00130728;0;
0.000187545;3.95866e-07;1.01371e-08;1.98669e-06;0.000315666;0.998285;1.59541e-07;7.36881e-09;0.00120745;1.49931e-06;5;
1.08424e-06;1.75224e-06;7.30474e-06;0.000433709;6.46956e-06;0.000802563;1.82837e-08;7.55786e-07;0.996862;0.001884;8;
0.000242569;5.88858e-08;3.75391e-08;0.000777574;2.32822e-05;0.998751;2.34468e-08;1.24285e-08;0.000200305;5.57678e-06;5;
2.40739e-08;4.43449e-09;1.28143e-06;3.47413e-10;1.37278e-05;1.49765e-06;0.999983;1.10544e-11;1.10227e-07;3.7349e-07;6;
9.24226e-07;4.73744e-09;4.98334e-06;3.48362e-10;1.26439e-06;1.08512e-05;0.999982;3.13548e-13;1.75516e-07;2.57082e-08;6;
3.34094e-05;9.04561e-08;3.13111e-05;0.000122906;3.52804e-09;0.995807;2.69092e-05;1.4897e-11;0.00397764;9.54147e-07;5;
3.52509e-07;2.10901e-07;0.335106;0.011631;2.68691e-07;9.93497e-09;1.28205e-08;0.652935;0.000240442;8.70647e-05;7;
4.94246e-08;4.00224e-06;5.39613e-07;0.00150905;3.67538e-07;0.000187376;1.005e-08;3.02896e-09;0.99829;8.81789e-06;8;
5.71828e-08;0.99973;0.000122918;7.5968e-06;1.21497e-06;2.99997e-06;3.1752e-05;9.73139e-07;0.000102219;4.2903e-07;1;
0.998869;8.17183e-10;3.66997e-05;2.23485e-05;2.23179e-08;8.79589e-05;3.98743e-05;5.24433e-07;0.00081186;0.000131776;0;
3.33706e-06;0.999086;0.000251419;2.54696e-05;3.88252e-07;1.60031e-06;6.60485e-05;6.0874e-07;0.000564575;1.06207e-06;1;
1.15038e-08;1.28687e-09;1.67089e-05;1.21265e-08;1.34751e-05;1.28005e-08;0.99997;5.67617e-11;1.36609e-07;9.71925e-08;6;
1.79542e-06;2.55304e-06;0.00232206;2.57842e-06;0.952025;8.6498e-06;0.00204403;0.00451623;0.00393462;0.0351428;4;
0.000610758;1.08911e-05;0.000214494;2.76568e-06;0.000119274;0.000636601;0.998088;2.22198e-09;0.00024005;7.73984e-05;6;
8.04384e-08;2.63204e-07;4.52239e-06;0.00198999;1.71372e-08;1.57056e-07;7.91425e-11;0.99799;7.84256e-07;1.36952e-05;7;
2.05114e-06;8.79972e-07;0.0261851;0.956444;7.47639e-05;4.1881e-06;2.10979e-09;0.0166275;0.000533224;0.000128629;3;
3.26008e-06;0.995396;0.00313973;7.47823e-05;3.80558e-06;1.29567e-05;0.000502699;0.000342038;0.000477973;4.69699e-05;1;
1.63471e-06;3.17533e-07;0.0133437;4.58025e-05;7.18547e-07;2.52151e-07;1.51658e-07;0.983712;2.90561e-05;0.0028664;7;
5.29325e-07;0.991443;0.000120664;0.000904624;3.82923e-05;0.00342288;0.000177269;7.87039e-05;0.00380983;4.5411e-06;1;
1.27245e-05;3.51588e-06;0.000588275;2.11633e-05;2.8562e-05;7.94023e-05;5.89377e-07;2.75082e-05;0.999146;9.24995e-05;8;
1.68675e-08;2.92107e-08;0.99999;4.29797e-06;6.66511e-08;1.06675e-08;5.48107e-06;3.89016e-13;2.61082e-07;4.60635e-09;2;
0.999254;8.10382e-10;6.02405e-06;2.806e-06;7.77297e-09;0.000597253;3.72287e-05;1.34633e-07;7.54759e-05;2.68342e-05;0;
0.000337998;0.002764;0.00264176;0.0286921;0.137483;0.00326562;0.0206906;0.000320665;0.33642;0.467384;2;
5.57037e-06;1.61444e-06;0.000819583;0.00337388;0.115386;7.84037e-05;0.000321071;2.23041e-05;0.0017489;0.878243;9;
0.00404844;8.62338e-07;0.617839;0.0532257;6.88977e-05;1.01673e-05;1.61279e-07;0.0126381;0.00473895;0.30743;9;
0.00180254;1.67926e-07;1.20079e-06;2.81457e-07;4.81372e-05;0.998023;7.94002e-08;6.37867e-08;0.000124011;1.92351e-07;5;
0.00119785;5.74119e-06;0.000102251;0.110048;3.90332e-07;0.793789;2.20576e-06;2.50551e-07;0.0770232;0.0178309;5;
2.4106e-05;0.899895;0.00884146;0.0108101;0.00738946;0.00593764;0.00400836;0.0379442;0.00932712;0.0158229;1;
8.30762e-05;1.91442e-05;4.37371e-08;6.71517e-06;0.016254;0.982642;0.000606312;1.59525e-11;0.000386115;2.49707e-06;5;
2.21805e-06;4.85745e-09;9.60928e-05;1.9904e-07;0.00853215;3.91747e-06;0.991365;1.76649e-09;4.44959e-08;6.03341e-07;6;
0.988678;2.1285e-09;0.000220748;2.9251e-05;8.7585e-08;0.000298048;0.000308687;1.99686e-05;0.000454095;0.0099916;0;
0.000988299;7.0956e-05;0.0287636;0.969633;8.22577e-10;0.000146713;2.75987e-05;0.000356543;3.93415e-06;9.4765e-06;3;
3.48319e-05;0.000314489;0.00115423;0.00102004;0.755063;0.00135679;0.0103347;0.00143258;0.000380915;0.228908;4;
4.24384e-11;1.06556e-06;7.42356e-07;2.53814e-07;0.999952;1.55619e-07;4.48177e-06;5.33149e-08;2.29424e-06;3.92393e-05;4;
0.000238973;6.14567e-09;0.000181878;4.34046e-08;9.87432e-07;0.000121701;0.999456;2.73423e-12;1.94383e-08;1.1202e-08;6;
5.69826e-06;2.21249e-09;1.6002e-09;1.81733e-05;1.27205e-07;0.99993;2.13035e-09;3.72692e-12;4.60366e-05;3.33974e-07;5;
3.4063e-09;7.04683e-09;4.92473e-06;3.80112e-06;0.999908;1.04654e-09;2.53324e-07;3.34421e-06;1.30145e-07;7.99542e-05;4;
3.64315e-08;2.9515e-07;0.000421239;4.09122e-07;0.0319461;1.8864e-08;0.967488;1.22924e-06;3.28438e-05;0.000109804;6;
0.00024418;9.00973e-08;4.37952e-06;0.000167095;3.15038e-05;0.99823;0.0005796;4.2659e-10;0.000704558;3.85718e-05;5;
0.000185335;1.20694e-07;0.000423478;0.000336785;0.970807;0.00148476;0.000118591;0.00910883;0.00180166;0.0157329;4;
0.000518187;0.000194681;0.000180189;0.00365913;0.362429;0.631609;0.00119658;1.52842e-05;0.000143577;5.41126e-05;5;
5.86252e-08;0.999106;4.18898e-05;4.52035e-05;8.2556e-07;0.000387182;8.36951e-05;1.01568e-05;0.0003249;2.74625e-07;1;
3.05873e-07;4.12737e-08;3.34713e-07;0.000982348;0.992478;4.59017e-06;3.05722e-05;3.36843e-06;2.3541e-05;0.00647658;4;
3.57369e-07;4.05075e-06;1.05596e-05;0.000869966;0.998126;8.76785e-05;2.3108e-05;4.64358e-07;5.25517e-05;0.000825038;4;
3.93764e-08;1.08114e-07;2.68495e-05;3.82162e-06;3.79907e-11;1.53686e-09;4.96188e-11;0.999953;8.24192e-07;1.50623e-05;7;
0.0101309;4.85739e-05;0.916593;0.0635545;2.05367e-07;0.000768364;1.40561e-06;2.48527e-10;0.00890248;1.15431e-07;2;
0.000208408;1.07141e-07;2.09551e-06;0.999551;9.67747e-05;7.59124e-05;5.8142e-08;4.92979e-06;5.17326e-05;9.52136e-06;3;
1.53249e-07;4.03324e-07;0.999958;2.2254e-07;1.61439e-07;6.03878e-09;4.00314e-05;3.88731e-11;8.10805e-07;4.14873e-08;2;
0.000448496;0.00880713;0.00152334;0.0274075;0.000762639;0.00259134;3.20723e-05;0.93508;0.012387;0.0109607;7;
2.65166e-05;0.9833;0.00101088;0.000924841;4.65577e-05;0.00171288;0.00339575;0.00102451;0.00826241;0.000295777;1;
0.000642841;1.24093e-05;0.00514078;0.00421546;0.000562161;0.0125445;1.08999e-05;2.51516e-05;0.976195;0.000651377;8;
4.11474e-08;0.999654;4.91279e-05;0.000147931;1.32707e-05;2.59632e-06;1.03724e-05;6.75584e-05;4.97089e-05;5.15561e-06;1;
2.12973e-06;2.72927e-05;2.00856e-05;9.47802e-06;2.03559e-08;0.000323336;3.3703e-07;1.41437e-09;0.999608;9.27051e-06;8;
1.64202e-06;0.982728;0.000407512;0.0027156;0.000232091;0.000210187;4.5501e-05;0.00997647;0.00344058;0.000242081;1;
5.3711e-08;0.000219096;0.00132637;0.000140135;1.14864e-06;1.68722e-06;0.000268004;1.36729e-09;0.997995;4.83361e-05;8;
8.87375e-05;5.08925e-06;2.24114e-06;1.79403e-05;1.5429e-05;0.992617;1.1473e-06;4.41374e-09;0.00723653;1.55938e-05;5;
0.999603;1.44633e-10;8.40743e-06;3.47309e-06;1.89792e-10;0.000378648;1.81081e-06;5.15482e-10;4.77618e-06;6.3753e-09;0;
0.000321469;0.0102524;0.000126898;0.100611;1.70693e-05;0.000634322;0.000299603;9.80408e-07;0.887513;0.000223088;8;
1.0448e-07;5.19561e-08;1.30421e-05;1.01146e-05;0.0716944;2.22178e-07;0.000169105;4.86951e-05;3.58507e-05;0.928028;9;
6.62852e-07;6.66463e-06;0.998659;0.00131869;1.18396e-11;7.29629e-08;7.75851e-08;2.15215e-10;1.45237e-05;1.42987e-09;2;
0.000432655;4.85119e-08;1.36678e-05;0.00431476;1.50296e-06;0.979182;2.71946e-07;2.35822e-09;0.0159648;9.02214e-05;5;
0.999577;1.2278e-12;2.30836e-08;1.62647e-07;1.57528e-11;0.00041935;4.14349e-09;1.95841e-08;3.72471e-06;3.73716e-08;0;
2.26899e-05;0.867698;0.0085306;0.0432381;0.0056538;0.0480706;0.00389565;0.000161304;0.0219413;0.000787595;1;
1.3685e-07;0.998669;6.00422e-05;6.53006e-05;1.44504e-06;1.23734e-07;2.82858e-07;0.000466318;0.000733201;4.44837e-06;1;
1.60154e-06;0.60935;0.0157441;0.0792257;0.170802;0.0681043;0.0187225;2.81142e-06;0.0366743;0.00137231;1;
0.999498;7.99829e-10;4.10015e-06;2.4706e-05;2.13938e-07;0.000470225;2.82598e-06;7.63205e-09;6.40889e-08;3.63198e-08;0;
4.01187e-07;1.34022e-05;0.000128178;0.570134;0.125293;9.7996e-05;1.97674e-05;0.000573832;0.00150192;0.302238;9;
0.988309;6.89669e-11;1.18442e-06;8.01043e-05;1.3938e-08;0.0111901;1.10863e-07;7.04046e-05;4.73521e-05;0.000301574;0;
0.000162344;0.0134517;0.209256;0.698671;0.00248278;0.0158182;0.000531961;1.70961e-05;0.057892;0.00171595;3;
4.84856e-07;0.996132;0.000478228;2.93821e-06;2.079e-06;0.000192706;0.00196583;3.74848e-07;0.00122443;7.46237e-07;1;
1.71848e-06;7.69151e-08;1.64541e-05;1.65078e-09;8.58198e-07;6.65976e-06;0.999968;3.63587e-14;5.83197e-06;2.76038e-08;6;
7.11551e-06;3.92478e-07;4.30862e-05;0.0272253;0.782703;0.00440354;3.01672e-06;0.00477756;0.0134373;0.1674;4;
7.56747e-07;2.56991e-06;0.999647;0.000266732;1.46687e-10;5.57428e-08;3.16842e-07;2.13856e-08;8.20014e-05;7.95251e-07;2;
3.45043e-05;1.51166e-07;0.00146893;0.99826;1.54128e-10;0.000224181;1.41493e-08;2.77931e-09;8.21028e-06;4.16889e-06;3;
5.86367e-05;3.41273e-09;0.00316373;2.3372e-08;2.68738e-06;1.80816e-06;0.996772;1.97389e-10;9.6699e-07;1.39771e-07;6;
5.5446e-06;0.99724;0.00155698;0.00027832;2.39375e-06;2.37648e-06;8.60897e-06;0.000206107;0.000698528;8.61787e-07;1;
1.50402e-05;0.978101;0.000540432;0.00298356;0.000741682;0.00373165;0.00105489;0.00110822;0.0115075;0.000215776;1;
2.47453e-06;0.997121;0.00129029;0.000388453;1.98566e-05;1.01189e-05;9.83024e-05;0.000492754;0.000550269;2.62148e-05;1;
5.95705e-06;1.60026e-05;1.10432e-05;0.998576;5.93729e-05;0.00121513;4.62667e-06;2.96774e-07;5.53168e-05;5.59248e-05;3;
6.3053e-08;2.55377e-07;3.74387e-08;4.68728e-06;0.000786942;0.000572731;3.52116e-07;3.11152e-06;0.0017834;0.996848;9;
0.000674289;1.22323e-09;1.52909e-08;0.000156975;9.29299e-07;0.999071;8.29381e-08;2.09635e-06;4.03477e-05;5.44381e-05;5;
4.04695e-07;1.9712e-08;0.99999;9.03191e-09;1.15322e-08;1.25339e-08;5.22303e-06;1.19993e-11;4.43114e-06;3.2268e-09;2;
5.79353e-08;1.4839e-05;1.9504e-10;0.000181781;0.00206215;0.00139188;1.6568e-06;9.25025e-06;2.19042e-05;0.996316;9;
2.22237e-05;1.35786e-06;0.000767193;0.000507986;0.994722;7.51267e-05;0.000175987;0.000104155;9.74648e-05;0.00352615;4;
0.0560636;0.00300212;6.70156e-05;0.00341826;0.00039165;0.663458;3.64359e-06;0.253698;0.0192132;0.000684384;5;
1.12129e-07;0.000661;6.25287e-06;0.0348069;0.000838033;0.000401471;6.61549e-06;0.00504182;0.000101785;0.958136;9;
7.05015e-06;0.00152086;0.000673121;0.991479;0.000452543;0.000365512;1.66549e-07;0.000784793;0.00131972;0.00339679;3;
5.96349e-08;1.48022e-05;6.21484e-06;0.00163122;0.0113382;0.000209188;9.98534e-07;0.000438433;0.001916;0.984445;9;
0.997139;7.56779e-10;2.20257e-05;0.000663485;2.32694e-07;0.00164652;3.54098e-07;0.000215847;3.74803e-05;0.00027514;0;
1.13146e-06;2.63281e-07;4.29218e-06;0.999979;2.88999e-08;2.66235e-06;1.79144e-10;5.22303e-07;7.13989e-06;4.62081e-06;3;
0.0316476;0.000322309;2.67094e-05;7.59709e-05;0.0383386;0.847402;0.0301638;1.88466e-10;0.0520222;3.94721e-07;6;
0.000474914;2.26647e-06;7.27207e-08;8.67069e-05;2.77442e-06;0.98076;2.55095e-09;0.0161655;0.0024976;9.82507e-06;5;
0.00214222;2.45781e-06;1.75376e-08;0.0982907;1.28985e-07;0.899208;6.19155e-09;2.35108e-06;4.68256e-05;0.000307727;5;
4.05194e-07;2.7947e-09;2.49084e-08;2.38525e-05;5.16553e-07;4.22958e-05;3.50759e-09;0.963653;2.25228e-06;0.0362772;7;
0.00139531;2.02062e-08;0.986316;0.012249;7.47987e-06;7.1615e-06;2.37078e-05;1.92769e-07;8.39103e-07;6.9839e-07;2;
0.00253713;4.76054e-09;0.997096;0.00014392;4.45632e-08;6.20566e-05;2.99883e-06;2.07949e-05;0.000129906;6.79332e-06;2;
4.90649e-09;4.70823e-11;3.49315e-08;2.33998e-07;1.68657e-11;1.21276e-09;5.91193e-13;0.999987;9.94956e-09;1.27248e-05;7;
0.00115577;0.899478;0.0563199;0.0114869;0.00135158;0.00118684;0.00384738;0.00808387;0.0157574;0.00133217;1;
3.15199e-05;4.47661e-06;0.999609;0.000140231;5.86796e-07;4.87629e-06;1.85058e-07;1.68372e-08;0.000208767;2.20403e-07;2;
4.45982e-08;0.000122661;1.55374e-05;0.001501;2.02714e-05;0.00179709;3.52214e-07;4.16538e-05;0.996293;0.0002079;8;
0.00772919;9.83769e-05;0.00885635;0.0131947;0.381702;0.106659;0.00722316;0.0118201;0.0412363;0.421481;4;
1.27215e-05;0.996778;0.00225812;0.000339021;5.98629e-06;9.39909e-06;0.000115122;4.87676e-05;0.000365045;6.76204e-05;1;
2.14044e-06;1.02232e-06;1.80892e-05;0.000448891;4.48256e-07;1.54219e-06;2.38368e-09;0.997329;5.86421e-06;0.00219318;7;
0.0160622;0.000885599;0.0173699;0.861828;5.73841e-09;0.086991;5.41213e-05;0.00462745;2.74963e-05;0.012154;3;
0.000526641;0.000335231;0.00042939;0.986855;1.89118e-06;0.000387158;1.73789e-07;1.69914e-06;0.0113962;6.64851e-05;3;
1.49727e-05;2.69147e-05;0.0036279;5.94653e-06;2.50861e-05;0.00476994;0.122279;2.78457e-12;0.869236;1.40944e-05;8;
6.23006e-07;1.88676e-08;1.62999e-06;0.000294457;1.58337e-07;3.19537e-05;5.3057e-10;0.962253;0.00112005;0.0362977;8;
3.92434e-05;1.63606e-06;8.07647e-05;0.0681919;2.09033e-07;3.85958e-05;5.63077e-10;0.930314;0.000164037;0.00116938;7;
3.56191e-05;1.24037e-06;0.00411352;8.5827e-06;0.00108579;0.000105453;3.60833e-05;0.521456;2.5564e-05;0.473132;9;
1.30224e-08;7.16329e-07;0.999907;7.74904e-05;2.52755e-06;9.51628e-09;1.19811e-05;1.20777e-07;2.74101e-08;2.02292e-07;2;
5.30691e-08;0.000517636;0.998741;3.91999e-07;1.29428e-06;2.43566e-08;0.00072862;2.09181e-09;1.04536e-05;8.0478e-08;2;
2.86424e-09;2.12551e-08;1.5562e-07;3.75542e-07;0.999981;9.69662e-09;1.18373e-05;1.14701e-07;1.147e-07;6.80307e-06;4;
2.25424e-07;0.998584;6.01953e-05;0.000450497;4.76667e-05;0.000274745;8.51218e-05;0.000242776;0.000231374;2.34195e-05;1;
0.000113567;6.89758e-06;8.15224e-06;0.00342299;8.18621e-06;0.903775;3.9771e-05;6.84739e-10;0.092128;0.000497767;5;
0.217046;8.21708e-06;0.0427603;0.182808;0.0032337;0.324939;0.00013518;0.000481567;0.199834;0.0287527;9;
0.0115135;1.91832e-07;7.42507e-05;2.13841e-06;1.36611e-05;0.00081789;0.0002747;1.29297e-05;0.811594;0.175696;8;
9.01718e-06;1.08996e-05;0.00295135;0.331971;0.0374065;0.00107478;0.000149835;0.576319;0.0012772;0.0488301;7;
0.000924749;0.00225715;0.764388;0.0187856;0.000511721;0.00430263;0.00487831;0.132097;0.00100684;0.0708484;2;
0.00116841;1.89636e-06;0.000187451;0.00350046;3.3172e-07;0.993053;0.00141058;4.14165e-08;0.000676172;1.77337e-06;3;
0.998621;2.00967e-10;0.00135307;4.03567e-07;1.94349e-10;7.73558e-07;3.30646e-07;1.3509e-09;2.34134e-05;1.02179e-06;0;
1.78678e-05;0.000774607;0.09507;0.0278009;0.816594;0.000691266;0.0540174;4.39113e-08;0.00285244;0.00218194;4;
1.66435e-08;2.98857e-09;1.04153e-06;4.62288e-08;0.999973;2.62527e-08;8.00119e-07;7.18325e-07;1.1176e-06;2.30228e-05;4;
1.34925e-06;0.114038;0.881414;2.80776e-05;2.02941e-08;2.65167e-07;0.00449643;9.55186e-09;2.26182e-05;5.33856e-09;2;
1.35438e-08;1.03474e-05;4.49377e-06;0.000141014;0.904465;3.25897e-05;2.03917e-05;1.42952e-06;0.000366196;0.0949583;4;
3.46396e-05;0.940462;0.000352094;0.00148594;0.000236854;0.0197643;0.000843194;0.000511728;0.0361455;0.00016318;1;
6.60744e-10;1.11536e-06;6.36879e-08;2.87803e-06;0.00219562;2.07446e-07;1.46897e-06;2.96069e-05;6.36508e-06;0.997763;9;
5.61262e-05;2.96882e-08;4.1933e-09;0.000265021;1.33402e-06;0.999521;2.79967e-08;4.04748e-09;0.000153729;2.54509e-06;5;
1.03639e-07;1.79056e-09;1.50781e-06;0.000323987;1.67813e-09;2.81633e-07;1.0684e-11;0.999654;5.85498e-07;1.99001e-05;7;
1.3922e-07;1.83373e-07;2.90625e-05;0.0471604;2.64453e-07;4.26731e-06;2.53608e-10;0.952074;1.70393e-05;0.000714488;7;
8.03452e-07;0.14562;0.853623;0.000422446;1.0979e-08;5.67144e-07;0.000115418;8.96731e-09;0.000217533;9.62317e-09;2;
0.00279959;0.048267;0.42863;0.0210985;9.18758e-06;0.0103962;0.0450929;2.50778e-08;0.443466;0.000241359;8;
8.54248e-09;3.30823e-09;0.999407;1.68056e-08;3.63544e-08;3.15653e-11;0.000593408;2.90249e-12;3.07718e-08;1.32881e-09;2;
0.0392361;1.59715e-08;4.66848e-05;7.72753e-06;2.02388e-05;1.19597e-05;0.960631;8.93241e-08;3.80856e-05;8.0399e-06;6;
2.82199e-05;1.27176e-07;7.52589e-06;1.04647e-06;3.28038e-06;0.000324167;3.23192e-07;2.73328e-09;0.999633;2.24331e-06;8;
0.00220456;0.112095;0.00371483;0.0331848;1.14162e-07;0.846276;1.10163e-07;8.16803e-05;0.00243498;7.59119e-06;5;
4.95356e-09;1.72817e-08;1.23149e-07;7.98688e-05;3.44981e-09;2.25501e-08;9.47185e-12;0.99991;1.84399e-07;9.82788e-06;7;
5.98566e-10;1.02707e-08;6.60842e-08;1.67526e-06;4.52978e-10;3.41117e-09;2.46187e-12;0.999966;8.72399e-08;3.20298e-05;7;
1.06143e-06;0.000916388;3.49928e-05;0.118887;0.0500357;0.00904238;7.27279e-05;1.07036e-05;0.0024282;0.818571;9;
2.42428e-08;0.999467;0.000276708;5.03269e-05;1.81544e-06;1.58714e-05;7.37184e-05;2.05988e-06;0.000110804;1.27998e-06;1;
0.0754107;1.16842e-05;7.54373e-06;0.00631931;8.71377e-07;0.00740012;0.0003273;1.38526e-05;0.908972;0.0015365;8;
1.58563e-09;0.999473;9.06151e-06;0.000280458;0.000100811;6.071e-06;1.60123e-05;2.376e-05;4.0753e-05;5.05488e-05;1;
0.0370055;3.62603e-06;0.0193336;0.289044;0.043919;0.231122;0.00327802;7.86321e-06;0.37401;0.00227662;8;
0.927151;1.32038e-06;0.0600917;0.0117358;1.68487e-09;0.000611554;8.16691e-05;9.84411e-05;0.000151339;7.72113e-05;0;
0.000383113;5.67182e-07;2.33325e-06;0.466902;2.40574e-08;0.504601;2.39156e-09;6.28571e-07;0.0273033;0.000807444;3;
0.997933;8.98669e-10;0.000377814;0.000803548;1.95167e-08;0.000635625;6.51654e-06;8.1646e-05;5.35335e-06;0.000156467;0;
4.77924e-07;0.995915;0.000113851;0.00146592;7.57651e-05;0.000419561;8.1037e-05;0.000866014;0.000999793;6.23331e-05;1;
1.51953e-07;1.35914e-07;0.000285257;3.53645e-05;4.14641e-05;3.14171e-07;1.02041e-07;0.00310031;0.000838384;0.995699;9;
1.8034e-08;7.99323e-06;0.00102037;0.000322348;0.000135209;1.4034e-07;1.2352e-07;0.0122013;0.00019967;0.986113;9;
7.38883e-08;3.80283e-08;3.93859e-05;1.30375e-05;0.781312;6.46904e-06;9.27252e-05;0.000104606;7.17931e-05;0.21836;4;
3.62062e-07;0.999642;0.000174367;1.65486e-05;2.92541e-07;1.74396e-06;2.01217e-05;8.74042e-06;0.000134596;1.57097e-06;1;
2.08224e-06;8.12367e-06;8.78686e-06;0.000229856;3.18801e-05;0.0006078;9.85897e-06;0.000676879;0.974447;0.0239781;8;
8.66601e-07;1.50592e-07;0.999939;3.76526e-06;9.72351e-10;6.90859e-08;6.82782e-07;3.03336e-09;5.53855e-05;1.14713e-07;2;
5.08776e-06;0.985197;0.00248745;0.00293922;0.000526764;0.000568413;0.000835337;0.00541191;0.00125116;0.000777711;1;
5.69449e-07;0.0151082;0.983641;0.00011705;5.93818e-08;3.31904e-08;0.000685633;7.6156e-11;0.000447954;2.53842e-08;2;
4.65292e-09;1.33777e-09;1.1305e-07;2.86082e-07;7.803e-05;9.73036e-09;6.21219e-07;3.49887e-05;1.74441e-05;0.999869;9;
6.1905e-06;0.00055278;0.0056766;0.00377756;1.12538e-06;6.18677e-06;4.13602e-08;0.986924;0.0025755;0.000480293;7;
0.0128435;0.000357393;6.12677e-06;0.00121188;0.00051319;0.97616;3.64901e-06;0.00496697;0.00386896;6.87993e-05;5;
2.61967e-05;7.46083e-08;0.000527892;4.5379e-05;0.000772309;1.49734e-05;9.71215e-06;0.00673628;3.81422e-05;0.991829;9;
2.33699e-08;2.90479e-07;0.999981;1.45773e-05;6.4161e-09;2.25923e-09;3.91983e-06;3.34907e-10;8.54576e-08;9.93096e-10;2;
4.39162e-06;8.9105e-05;0.014409;1.67213e-06;3.19103e-05;0.000370985;0.984139;1.756e-12;0.000952706;9.96634e-07;6;
1.24582e-08;3.40742e-10;5.44856e-07;3.91033e-06;0.99994;7.16913e-10;5.01718e-06;3.06802e-06;3.62756e-07;4.68258e-05;4;
2.81371e-06;0.996117;8.65783e-05;5.94254e-05;2.94706e-06;8.25871e-05;0.000180753;8.36984e-07;0.00346242;4.91383e-06;1;
0.000146184;6.99234e-05;0.000798462;9.37211e-05;0.00841163;0.116883;0.870239;4.95518e-10;0.00314778;0.00021009;5;
8.6422e-08;0.0382538;0.000285345;0.00325284;0.95111;0.000308291;0.00548364;3.02044e-08;0.000665139;0.000640708;8;
0.00090819;0.000231998;0.989834;0.00647207;2.50484e-08;0.000334709;0.000448518;2.22871e-11;0.00177024;9.41208e-08;2;
3.14701e-07;3.41902e-07;6.73979e-05;7.65774e-06;0.000902479;5.04761e-06;4.02655e-06;0.011208;1.35564e-05;0.987791;9;
8.17004e-09;6.11197e-06;0.99791;4.61794e-07;0.000117413;1.95648e-08;0.00196339;1.42987e-09;4.98561e-07;1.83943e-06;2;
0.975024;2.54969e-10;1.09091e-05;3.88698e-05;4.61406e-09;0.0238469;1.59298e-07;1.67162e-06;0.000999669;7.78581e-05;0;
7.296e-07;7.5085e-07;1.84763e-07;0.000615543;0.996857;5.41431e-06;2.45798e-05;2.46383e-07;1.60751e-06;0.00249408;4;
0.99992;6.91317e-11;6.72349e-05;5.59516e-06;9.09964e-12;3.19478e-06;3.03648e-08;1.0003e-08;3.61873e-06;1.40333e-07;0;
0.979377;5.17667e-08;0.00758418;0.000163417;2.41803e-10;0.0128515;5.84508e-06;2.72419e-08;1.61959e-05;2.12382e-06;0;
7.17217e-06;2.42923e-06;0.99913;0.000339855;4.4136e-09;1.98624e-05;1.59947e-05;5.19146e-12;0.000484456;2.05317e-08;2;
0.000136708;0.00015693;4.57502e-05;0.0504398;2.31019e-07;0.00692269;9.22332e-09;4.47989e-07;0.942279;1.81137e-05;8;
0.00135063;0.00682654;0.0219125;0.000378827;0.0563698;0.0026045;0.884156;0.000180802;0.00533602;0.020884;4;
2.38706e-07;9.72515e-06;0.501481;0.00698218;3.94194e-05;3.50696e-06;5.37217e-06;0.490679;0.000679602;0.000119975;7;
7.23998e-09;0.999655;4.33817e-05;3.78925e-05;9.55233e-06;2.155e-05;9.44317e-05;4.29249e-06;0.000133601;5.9471e-07;1;
0.00040064;3.37931e-05;0.953067;0.00673437;0.000245623;0.000131089;0.000626164;0.00676201;0.0231974;0.00880212;2;
2.07738e-07;2.71909e-05;2.43633e-07;0.00117543;0.970067;0.000116612;1.95592e-05;5.03079e-05;0.000470766;0.0280728;4;
0.930797;2.23206e-08;0.00177416;9.70024e-06;1.10089e-08;0.0671103;6.77604e-08;4.21693e-09;0.000308505;4.4e-07;0;
1.85688e-07;9.55677e-05;0.999741;7.99104e-06;1.15503e-09;2.12086e-08;0.00015001;1.85248e-11;4.60275e-06;7.63764e-09;2;
5.28615e-07;0.000413861;0.0250949;0.000159876;9.15501e-05;1.56976e-06;1.94767e-06;0.942375;0.0127974;0.0190631;7;
1.45721e-08;1.43971e-06;8.38871e-07;6.11474e-07;0.999136;5.29273e-06;4.49988e-06;5.49292e-06;0.000835704;9.86409e-06;4;
0.00214297;0.00124262;0.00165754;0.866511;1.73817e-05;0.10605;0.00149023;3.41308e-07;0.0202751;0.000612391;3;
0.000121444;7.47432e-05;0.000636939;0.997741;0.000174539;0.0008448;1.92387e-05;8.20269e-08;0.000289109;9.76167e-05;3;
0.998533;1.3924e-10;0.00143464;8.51177e-07;1.44136e-09;4.17585e-06;1.48054e-05;2.65532e-08;1.21564e-05;8.5441e-07;0;
0.999109;2.34372e-10;1.88122e-05;4.01849e-06;5.07192e-08;7.4129e-05;0.000608347;4.35283e-07;0.000119804;6.52186e-05;0;
0.000111091;1.42496e-06;2.57134e-05;0.0170873;0.0158554;0.966013;0.00074171;5.69458e-09;0.00015691;6.92421e-06;3;
9.58482e-09;0.999744;1.0443e-05;8.133e-05;6.32657e-06;4.85073e-05;1.88363e-05;3.06765e-06;8.58158e-05;1.13946e-06;1;
6.19909e-06;2.36495e-08;0.00151532;1.57888e-05;0.000409698;6.14717e-07;1.62199e-06;0.00930358;0.00201305;0.986734;9;
0.000116863;3.78109e-06;9.7411e-06;3.29703e-07;1.36999e-05;0.000363707;0.997582;1.0691e-12;0.00190665;2.70362e-06;6;
1.1194e-05;0.0104073;4.11972e-08;2.32961e-05;0.128895;0.851877;2.42529e-05;1.11546e-05;0.00874389;7.31412e-06;5;
0.0576059;9.14953e-07;0.800075;0.0929403;0.000111604;0.000191378;0.0482547;1.57417e-08;0.000817994;2.68879e-06;2;
0.00154898;2.82559e-06;0.0010262;7.61787e-05;0.028257;0.775759;0.192994;1.90053e-11;0.000328972;6.30068e-06;5;
1.34506e-07;0.0186164;1.34183e-06;0.000197811;3.73025e-07;0.000229393;3.67733e-08;0.973479;0.00657538;0.000899939;9;
1.8694e-06;8.47346e-06;0.000218448;0.00132377;7.64187e-10;1.51015e-06;2.68784e-10;0.997785;0.000600277;6.10812e-05;2;
3.22825e-08;0.000186501;5.39386e-08;0.00152409;0.000277299;0.00019618;3.7188e-07;0.00023992;0.000219054;0.997357;9;
4.57823e-05;4.56425e-05;4.99221e-06;0.999515;6.00167e-06;0.000226203;8.48076e-10;1.09329e-05;0.00014096;4.53798e-06;3;
0.51073;1.10497e-06;9.18812e-05;0.00671567;2.58058e-05;0.369389;0.000824653;0.0151011;0.000983027;0.096137;0;
0.000103012;6.72065e-06;0.000146996;3.19234e-06;0.119963;0.00462823;0.00607729;0.00725893;0.0127094;0.849103;4;
0.000121867;0.000167889;0.975329;1.09142e-05;3.74639e-07;0.000296243;0.0232524;3.24723e-12;0.000819884;1.02636e-06;2;
0.999294;4.86469e-11;3.23942e-07;9.27308e-07;5.32343e-08;0.000686402;1.6248e-05;1.0274e-07;1.93479e-06;2.95775e-07;0;
2.31696e-08;0.000184512;2.56754e-05;4.15282e-07;3.97659e-08;1.49616e-07;1.99482e-08;0.999376;0.000354199;5.89682e-05;7;
5.03399e-09;0.999819;2.09847e-05;6.54606e-05;2.71692e-05;2.55172e-06;8.96582e-06;2.00292e-05;2.81036e-05;8.13474e-06;1;
1.56585e-07;0.998533;8.10964e-05;0.000699162;9.01066e-05;4.37352e-05;9.60248e-05;0.000140754;0.000223544;9.26362e-05;1;
3.62689e-06;0.0199902;0.975631;0.000283028;1.19852e-06;2.24428e-07;0.000137331;1.58102e-07;0.00395283;1.17429e-07;2;
9.76266e-09;0.999643;1.93669e-05;0.00014548;1.75727e-05;8.47477e-07;2.94679e-06;0.000128609;2.28118e-05;1.98072e-05;1;
8.06426e-05;1.01189e-07;4.34006e-07;3.91623e-05;0.00208988;0.996809;4.6791e-07;1.36704e-09;0.000980474;5.20579e-09;5;
3.45235e-05;2.48719e-06;2.81323e-05;0.999895;1.81494e-06;2.38158e-05;6.79267e-10;6.66402e-07;1.15658e-05;2.29496e-06;3;
0.000543012;0.0100464;0.51769;0.450605;2.47136e-06;0.000127278;0.000128387;7.01078e-07;0.0207917;6.53412e-05;3;
1.89581e-06;1.53408e-06;0.00169808;0.000133385;0.180013;1.05487e-05;5.39945e-06;0.000408263;3.84165e-05;0.81769;9;
7.66251e-09;4.64866e-10;8.16971e-09;0.000257091;5.73241e-10;3.33734e-08;2.71508e-12;0.999738;3.13763e-08;4.86686e-06;7;
0.367002;4.1949e-08;6.92449e-05;0.0577144;6.92298e-06;0.112799;7.14966e-08;0.000400978;0.409093;0.0529139;8;
2.79783e-06;1.63315e-07;0.00372335;4.44103e-08;0.000126586;4.6134e-06;0.996018;7.63725e-12;0.000124326;3.97148e-08;6;
0.000940608;0.00784282;0.00118092;0.271285;6.37274e-09;0.716048;0.00115192;2.52071e-05;0.000117927;0.00140819;5;
